0.00 1.00000000
0.00 0.99999200
0.00 0.99996800
0.00 0.99992800
0.00 0.99987200
0.01 0.99980000
0.01 0.99971201
0.01 0.99960802
0.01 0.99948803
0.01 0.99935205
0.01 0.99920008
0.01 0.99903212
0.01 0.99884817
0.01 0.99864823
0.01 0.99843231
0.02 0.99820040
0.02 0.99795252
0.02 0.99768867
0.02 0.99740884
0.02 0.99711304
0.02 0.99680128
0.02 0.99647356
0.02 0.99612987
0.02 0.99577024
0.02 0.99539465
0.03 0.99500312
0.03 0.99459566
0.03 0.99417225
0.03 0.99373292
0.03 0.99327766
0.03 0.99280648
0.03 0.99231939
0.03 0.99181639
0.03 0.99129749
0.03 0.99076269
0.04 0.99021200
0.04 0.98964544
0.04 0.98906299
0.04 0.98846468
0.04 0.98785051
0.04 0.98722048
0.04 0.98657461
0.04 0.98591289
0.04 0.98523535
0.04 0.98454198
0.05 0.98383280
0.05 0.98310782
0.05 0.98236704
0.05 0.98161047
0.05 0.98083812
0.05 0.98005000
0.05 0.97924612
0.05 0.97842649
0.05 0.97759112
0.05 0.97674002
0.06 0.97587321
0.06 0.97499068
0.06 0.97409245
0.06 0.97317853
0.06 0.97224894
0.06 0.97130368
0.06 0.97034277
0.06 0.96936621
0.06 0.96837402
0.06 0.96736622
0.07 0.96634280
0.07 0.96530380
0.07 0.96424921
0.07 0.96317905
0.07 0.96209334
0.07 0.96099208
0.07 0.95987529
0.07 0.95874299
0.07 0.95759519
0.07 0.95643189
0.08 0.95525312
0.08 0.95405890
0.08 0.95284922
0.08 0.95162412
0.08 0.95038360
0.08 0.94912768
0.08 0.94785637
0.08 0.94656970
0.08 0.94526767
0.08 0.94395030
0.09 0.94261760
0.09 0.94126961
0.09 0.93990632
0.09 0.93852776
0.09 0.93713394
0.09 0.93572488
0.09 0.93430060
0.09 0.93286111
0.09 0.93140644
0.09 0.92993660
0.10 0.92845160
0.10 0.92695148
0.10 0.92543623
0.10 0.92390589
0.10 0.92236048
0.10 0.92080000
0.10 0.91922448
0.10 0.91763395
0.10 0.91602841
0.10 0.91440789
0.11 0.91277240
0.11 0.91112198
0.11 0.90945664
0.11 0.90777639
0.11 0.90608127
0.11 0.90437128
0.11 0.90264646
0.11 0.90090682
0.11 0.89915238
0.11 0.89738317
0.12 0.89559920
0.12 0.89380051
0.12 0.89198711
0.12 0.89015902
0.12 0.88831627
0.12 0.88645888
0.12 0.88458687
0.12 0.88270027
0.12 0.88079909
0.12 0.87888337
0.13 0.87695312
0.13 0.87500838
0.13 0.87304916
0.13 0.87107548
0.13 0.86908738
0.13 0.86708488
0.13 0.86506800
0.13 0.86303677
0.13 0.86099121
0.13 0.85893134
0.14 0.85685720
0.14 0.85476882
0.14 0.85266620
0.14 0.85054939
0.14 0.84841841
0.14 0.84627328
0.14 0.84411403
0.14 0.84194070
0.14 0.83975329
0.14 0.83755185
0.15 0.83533640
0.15 0.83310697
0.15 0.83086359
0.15 0.82860628
0.15 0.82633508
0.15 0.82405000
0.15 0.82175108
0.15 0.81943836
0.15 0.81711185
0.15 0.81477159
0.16 0.81241760
0.16 0.81004993
0.16 0.80766859
0.16 0.80527361
0.16 0.80286503
0.16 0.80044288
0.16 0.79800719
0.16 0.79555798
0.16 0.79309529
0.16 0.79061916
0.17 0.78812960
0.17 0.78562667
0.17 0.78311037
0.17 0.78058075
0.17 0.77803785
0.17 0.77548168
0.17 0.77291229
0.17 0.77032970
0.17 0.76773396
0.17 0.76512509
0.18 0.76250312
0.18 0.75986810
0.18 0.75722005
0.18 0.75455901
0.18 0.75188501
0.18 0.74919808
0.18 0.74649826
0.18 0.74378560
0.18 0.74106010
0.18 0.73832183
0.19 0.73557080
0.19 0.73280707
0.19 0.73003065
0.19 0.72724159
0.19 0.72443992
0.19 0.72162568
0.19 0.71879891
0.19 0.71595964
0.19 0.71310790
0.19 0.71024375
0.20 0.70736720
0.20 0.70447831
0.20 0.70157711
0.20 0.69866363
0.20 0.69573791
0.20 0.69280000
0.20 0.68984993
0.20 0.68688773
0.20 0.68391345
0.20 0.68092713
0.21 0.67792880
0.21 0.67491851
0.21 0.67189629
0.21 0.66886219
0.21 0.66581624
0.21 0.66275848
0.21 0.65968896
0.21 0.65660771
0.21 0.65351477
0.21 0.65041019
0.22 0.64729400
0.22 0.64416626
0.22 0.64102699
0.22 0.63787624
0.22 0.63471406
0.22 0.63154048
0.22 0.62835555
0.22 0.62515930
0.22 0.62195179
0.22 0.61873305
0.23 0.61550312
0.23 0.61226206
0.23 0.60900990
0.23 0.60574669
0.23 0.60247247
0.23 0.59918728
0.23 0.59589117
0.23 0.59258418
0.23 0.58926636
0.23 0.58593776
0.24 0.58259840
0.24 0.57924836
0.24 0.57588765
0.24 0.57251634
0.24 0.56913447
0.24 0.56574208
0.24 0.56233922
0.24 0.55892594
0.24 0.55550228
0.24 0.55206828
0.25 0.54862400
0.25 0.54516949
0.25 0.54170478
0.25 0.53822994
0.25 0.53474499
0.25 0.53125000
0.25 0.52774501
0.25 0.52423006
0.25 0.52070522
0.25 0.51717051
0.26 0.51362600
0.26 0.51007174
0.26 0.50650776
0.26 0.50293413
0.26 0.49935088
0.26 0.49575808
0.26 0.49215577
0.26 0.48854399
0.26 0.48492280
0.26 0.48129226
0.27 0.47765240
0.27 0.47400329
0.27 0.47034497
0.27 0.46667750
0.27 0.46300091
0.27 0.45931528
0.27 0.45562064
0.27 0.45191706
0.27 0.44820457
0.27 0.44448325
0.28 0.44075312
0.28 0.43701426
0.28 0.43326672
0.28 0.42951053
0.28 0.42574577
0.28 0.42197248
0.28 0.41819072
0.28 0.41440053
0.28 0.41060198
0.28 0.40679512
0.29 0.40298000
0.29 0.39915668
0.29 0.39532522
0.29 0.39148566
0.29 0.38763806
0.29 0.38378248
0.29 0.37991897
0.29 0.37604760
0.29 0.37216841
0.29 0.36828146
0.30 0.36438680
0.30 0.36048451
0.30 0.35657462
0.30 0.35265720
0.30 0.34873231
0.30 0.34480000
0.30 0.34086033
0.30 0.33691336
0.30 0.33295914
0.30 0.32899774
0.31 0.32502920
0.31 0.32105360
0.31 0.31707099
0.31 0.31308143
0.31 0.30908497
0.31 0.30508168
0.31 0.30107161
0.31 0.29705483
0.31 0.29303140
0.31 0.28900137
0.32 0.28496480
0.32 0.28092177
0.32 0.27687231
0.32 0.27281651
0.32 0.26875441
0.32 0.26468608
0.32 0.26061158
0.32 0.25653097
0.32 0.25244432
0.32 0.24835168
0.33 0.24425312
0.33 0.24014871
0.33 0.23603849
0.33 0.23192254
0.33 0.22780091
0.33 0.22367368
0.33 0.21954090
0.33 0.21540264
0.33 0.21125896
0.33 0.20710993
0.34 0.20295560
0.34 0.19879605
0.34 0.19463134
0.34 0.19046153
0.34 0.18628669
0.34 0.18210688
0.34 0.17792217
0.34 0.17373262
0.34 0.16953830
0.34 0.16533927
0.35 0.16113560
0.35 0.15692737
0.35 0.15271462
0.35 0.14849743
0.35 0.14427587
0.35 0.14005000
0.35 0.13581989
0.35 0.13158561
0.35 0.12734722
0.35 0.12310480
0.36 0.11885840
0.36 0.11460811
0.36 0.11035398
0.36 0.10609609
0.36 0.10183450
0.36 0.09756928
0.36 0.09330050
0.36 0.08902824
0.36 0.08475255
0.36 0.08047352
0.37 0.07619120
0.37 0.07190568
0.37 0.06761701
0.37 0.06332528
0.37 0.05903054
0.37 0.05473288
0.37 0.05043236
0.37 0.04612905
0.37 0.04182303
0.37 0.03751436
0.38 0.03320312
0.38 0.02888939
0.38 0.02457322
0.38 0.02025470
0.38 0.01593390
0.38 0.01161088
0.38 0.00728573
0.38 0.00295851
0.38 -0.00137070
0.38 -0.00570182
0.39 -0.01003480
0.39 -0.01436954
0.39 -0.01870597
0.39 -0.02304403
0.39 -0.02738364
0.39 -0.03172472
0.39 -0.03606720
0.39 -0.04041100
0.39 -0.04475605
0.39 -0.04910227
0.40 -0.05344960
0.40 -0.05779794
0.40 -0.06214722
0.40 -0.06649738
0.40 -0.07084833
0.40 -0.07520000
0.40 -0.07955231
0.40 -0.08390518
0.40 -0.08825853
0.40 -0.09261230
0.41 -0.09696640
0.41 -0.10132074
0.41 -0.10567527
0.41 -0.11002989
0.41 -0.11438454
0.41 -0.11873912
0.41 -0.12309357
0.41 -0.12744780
0.41 -0.13180173
0.41 -0.13615529
0.42 -0.14050840
0.42 -0.14486097
0.42 -0.14921293
0.42 -0.15356419
0.42 -0.15791468
0.42 -0.16226432
0.42 -0.16661302
0.42 -0.17096071
0.42 -0.17530730
0.42 -0.17965272
0.43 -0.18399688
0.43 -0.18833969
0.43 -0.19268109
0.43 -0.19702098
0.43 -0.20135928
0.43 -0.20569592
0.43 -0.21003081
0.43 -0.21436386
0.43 -0.21869500
0.43 -0.22302414
0.44 -0.22735120
0.44 -0.23167609
0.44 -0.23599873
0.44 -0.24031904
0.44 -0.24463693
0.44 -0.24895232
0.44 -0.25326513
0.44 -0.25757526
0.44 -0.26188264
0.44 -0.26618718
0.45 -0.27048880
0.45 -0.27478740
0.45 -0.27908291
0.45 -0.28337524
0.45 -0.28766429
0.45 -0.29195000
0.45 -0.29623227
0.45 -0.30051100
0.45 -0.30478613
0.45 -0.30905756
0.46 -0.31332520
0.46 -0.31758896
0.46 -0.32184876
0.46 -0.32610451
0.46 -0.33035613
0.46 -0.33460352
0.46 -0.33884660
0.46 -0.34308527
0.46 -0.34731945
0.46 -0.35154906
0.47 -0.35577400
0.47 -0.35999417
0.47 -0.36420950
0.47 -0.36841990
0.47 -0.37262527
0.47 -0.37682552
0.47 -0.38102057
0.47 -0.38521031
0.47 -0.38939468
0.47 -0.39357356
0.48 -0.39774688
0.48 -0.40191453
0.48 -0.40607643
0.48 -0.41023249
0.48 -0.41438262
0.48 -0.41852672
0.48 -0.42266470
0.48 -0.42679647
0.48 -0.43092194
0.48 -0.43504101
0.49 -0.43915360
0.49 -0.44325960
0.49 -0.44735892
0.49 -0.45145148
0.49 -0.45553718
0.49 -0.45961592
0.49 -0.46368761
0.49 -0.46775216
0.49 -0.47180947
0.49 -0.47585945
0.50 -0.47990200
0.50 -0.48393702
0.50 -0.48796443
0.50 -0.49198413
0.50 -0.49599602
0.50 -0.50000000
0.50 -0.50399598
0.50 -0.50798387
0.50 -0.51196357
0.50 -0.51593497
0.51 -0.51989800
0.51 -0.52385253
0.51 -0.52779849
0.51 -0.53173578
0.51 -0.53566428
0.51 -0.53958392
0.51 -0.54349459
0.51 -0.54739619
0.51 -0.55128862
0.51 -0.55517179
0.52 -0.55904560
0.52 -0.56290994
0.52 -0.56676472
0.52 -0.57060985
0.52 -0.57444521
0.52 -0.57827072
0.52 -0.58208627
0.52 -0.58589176
0.52 -0.58968709
0.52 -0.59347216
0.53 -0.59724688
0.53 -0.60101113
0.53 -0.60476482
0.53 -0.60850785
0.53 -0.61224012
0.53 -0.61596152
0.53 -0.61967196
0.53 -0.62337132
0.53 -0.62705952
0.53 -0.63073645
0.54 -0.63440200
0.54 -0.63805607
0.54 -0.64169856
0.54 -0.64532937
0.54 -0.64894839
0.54 -0.65255552
0.54 -0.65615066
0.54 -0.65973370
0.54 -0.66330454
0.54 -0.66686307
0.55 -0.67040920
0.55 -0.67394280
0.55 -0.67746379
0.55 -0.68097206
0.55 -0.68446750
0.55 -0.68795000
0.55 -0.69141946
0.55 -0.69487578
0.55 -0.69831884
0.55 -0.70174855
0.56 -0.70516480
0.56 -0.70856747
0.56 -0.71195646
0.56 -0.71533168
0.56 -0.71869300
0.56 -0.72204032
0.56 -0.72537354
0.56 -0.72869254
0.56 -0.73199722
0.56 -0.73528748
0.57 -0.73856320
0.57 -0.74182427
0.57 -0.74507058
0.57 -0.74830204
0.57 -0.75151852
0.57 -0.75471992
0.57 -0.75790613
0.57 -0.76107704
0.57 -0.76423254
0.57 -0.76737252
0.58 -0.77049688
0.58 -0.77360549
0.58 -0.77669825
0.58 -0.77977505
0.58 -0.78283578
0.58 -0.78588032
0.58 -0.78890857
0.58 -0.79192041
0.58 -0.79491574
0.58 -0.79789444
0.59 -0.80085640
0.59 -0.80380150
0.59 -0.80672963
0.59 -0.80964069
0.59 -0.81253456
0.59 -0.81541112
0.59 -0.81827026
0.59 -0.82111188
0.59 -0.82393585
0.59 -0.82674206
0.60 -0.82953040
0.60 -0.83230075
0.60 -0.83505300
0.60 -0.83778703
0.60 -0.84050274
0.60 -0.84320000
0.60 -0.84587870
0.60 -0.84853873
0.60 -0.85117996
0.60 -0.85380229
0.61 -0.85640560
0.61 -0.85898976
0.61 -0.86155468
0.61 -0.86410022
0.61 -0.86662627
0.61 -0.86913272
0.61 -0.87161945
0.61 -0.87408634
0.61 -0.87653327
0.61 -0.87896013
0.62 -0.88136680
0.62 -0.88375315
0.62 -0.88611908
0.62 -0.88846447
0.62 -0.89078918
0.62 -0.89309312
0.62 -0.89537615
0.62 -0.89763816
0.62 -0.89987903
0.62 -0.90209864
0.63 -0.90429688
0.63 -0.90647360
0.63 -0.90862871
0.63 -0.91076208
0.63 -0.91287359
0.63 -0.91496312
0.63 -0.91703054
0.63 -0.91907575
0.63 -0.92109860
0.63 -0.92309899
0.64 -0.92507680
0.64 -0.92703189
0.64 -0.92896415
0.64 -0.93087346
0.64 -0.93275969
0.64 -0.93462272
0.64 -0.93646243
0.64 -0.93827870
0.64 -0.94007140
0.64 -0.94184040
0.65 -0.94358560
0.65 -0.94530685
0.65 -0.94700404
0.65 -0.94867705
0.65 -0.95032574
0.65 -0.95195000
0.65 -0.95354970
0.65 -0.95512471
0.65 -0.95667492
0.65 -0.95820019
0.66 -0.95970040
0.66 -0.96117542
0.66 -0.96262513
0.66 -0.96404940
0.66 -0.96544810
0.66 -0.96682112
0.66 -0.96816832
0.66 -0.96948957
0.66 -0.97078475
0.66 -0.97205374
0.67 -0.97329640
0.67 -0.97451260
0.67 -0.97570222
0.67 -0.97686513
0.67 -0.97800121
0.67 -0.97911032
0.67 -0.98019234
0.67 -0.98124713
0.67 -0.98227457
0.67 -0.98327453
0.68 -0.98424688
0.68 -0.98519148
0.68 -0.98610822
0.68 -0.98699696
0.68 -0.98785757
0.68 -0.98868992
0.68 -0.98949388
0.68 -0.99026932
0.68 -0.99101610
0.68 -0.99173411
0.69 -0.99242320
0.69 -0.99308324
0.69 -0.99371410
0.69 -0.99431566
0.69 -0.99488778
0.69 -0.99543032
0.69 -0.99594316
0.69 -0.99642616
0.69 -0.99687918
0.69 -0.99730211
0.70 -0.99769480
0.70 -0.99805711
0.70 -0.99838892
0.70 -0.99869010
0.70 -0.99896050
0.70 -0.99920000
0.70 -0.99940846
0.70 -0.99958574
0.70 -0.99973171
0.70 -0.99984624
0.71 -0.99992919
0.71 -0.99998043
0.71 -0.99999982
0.71 -0.99998722
0.71 -0.99994250
0.71 -0.99986552
0.71 -0.99975615
0.71 -0.99961425
0.71 -0.99943968
0.71 -0.99923231
0.72 -0.99899199
0.72 -0.99871861
0.72 -0.99841200
0.72 -0.99807204
0.72 -0.99769860
0.72 -0.99729152
0.72 -0.99685068
0.72 -0.99637593
0.72 -0.99586714
0.72 -0.99532417
0.73 -0.99474687
0.73 -0.99413512
0.73 -0.99348877
0.73 -0.99280768
0.73 -0.99209171
0.73 -0.99134072
0.73 -0.99055457
0.73 -0.98973313
0.73 -0.98887624
0.73 -0.98798378
0.74 -0.98705559
0.74 -0.98609155
0.74 -0.98509150
0.74 -0.98405531
0.74 -0.98298283
0.74 -0.98187392
0.74 -0.98072844
0.74 -0.97954626
0.74 -0.97832721
0.74 -0.97707117
0.75 -0.97577799
0.75 -0.97444753
0.75 -0.97307965
0.75 -0.97167419
0.75 -0.97023102
0.75 -0.96875000
0.75 -0.96723098
0.75 -0.96567381
0.75 -0.96407835
0.75 -0.96244446
0.76 -0.96077199
0.76 -0.95906081
0.76 -0.95731075
0.76 -0.95552168
0.76 -0.95369345
0.76 -0.95182592
0.76 -0.94991894
0.76 -0.94797236
0.76 -0.94598604
0.76 -0.94395984
0.77 -0.94189359
0.77 -0.93978717
0.77 -0.93764042
0.77 -0.93545319
0.77 -0.93322534
0.77 -0.93095672
0.77 -0.92864718
0.77 -0.92629657
0.77 -0.92390475
0.77 -0.92147157
0.78 -0.91899687
0.78 -0.91648052
0.78 -0.91392236
0.78 -0.91132223
0.78 -0.90868001
0.78 -0.90599552
0.78 -0.90326863
0.78 -0.90049918
0.78 -0.89768702
0.78 -0.89483201
0.79 -0.89193399
0.79 -0.88899282
0.79 -0.88600833
0.79 -0.88298039
0.79 -0.87990884
0.79 -0.87679352
0.79 -0.87363429
0.79 -0.87043099
0.79 -0.86718348
0.79 -0.86389160
0.80 -0.86055519
0.80 -0.85717412
0.80 -0.85374821
0.80 -0.85027732
0.80 -0.84676131
0.80 -0.84320000
0.80 -0.83959325
0.80 -0.83594092
0.80 -0.83224283
0.80 -0.82849884
0.81 -0.82470879
0.81 -0.82087254
0.81 -0.81698992
0.81 -0.81306078
0.81 -0.80908497
0.81 -0.80506232
0.81 -0.80099269
0.81 -0.79687592
0.81 -0.79271185
0.81 -0.78850033
0.82 -0.78424119
0.82 -0.77993430
0.82 -0.77557948
0.82 -0.77117658
0.82 -0.76672545
0.82 -0.76222592
0.82 -0.75767784
0.82 -0.75308106
0.82 -0.74843541
0.82 -0.74374073
0.83 -0.73899687
0.83 -0.73420368
0.83 -0.72936098
0.83 -0.72446863
0.83 -0.71952646
0.83 -0.71453432
0.83 -0.70949204
0.83 -0.70439947
0.83 -0.69925645
0.83 -0.69406281
0.84 -0.68881839
0.84 -0.68352305
0.84 -0.67817661
0.84 -0.67277892
0.84 -0.66732981
0.84 -0.66182912
0.84 -0.65627670
0.84 -0.65067237
0.84 -0.64501599
0.84 -0.63930738
0.85 -0.63354639
0.85 -0.62773286
0.85 -0.62186661
0.85 -0.61594750
0.85 -0.60997535
0.85 -0.60395000
0.85 -0.59787129
0.85 -0.59173906
0.85 -0.58555314
0.85 -0.57931338
0.86 -0.57301959
0.86 -0.56667163
0.86 -0.56026933
0.86 -0.55381252
0.86 -0.54730104
0.86 -0.54073472
0.86 -0.53411340
0.86 -0.52743691
0.86 -0.52070509
0.86 -0.51391778
0.87 -0.50707479
0.87 -0.50017598
0.87 -0.49322118
0.87 -0.48621021
0.87 -0.47914291
0.87 -0.47201912
0.87 -0.46483866
0.87 -0.45760138
0.87 -0.45030710
0.87 -0.44295565
0.88 -0.43554687
0.88 -0.42808060
0.88 -0.42055665
0.88 -0.41297487
0.88 -0.40533508
0.88 -0.39763712
0.88 -0.38988082
0.88 -0.38206600
0.88 -0.37419251
0.88 -0.36626016
0.89 -0.35826879
0.89 -0.35021824
0.89 -0.34210833
0.89 -0.33393888
0.89 -0.32570974
0.89 -0.31742072
0.89 -0.30907166
0.89 -0.30066239
0.89 -0.29219274
0.89 -0.28366253
0.90 -0.27507159
0.90 -0.26641976
0.90 -0.25770686
0.90 -0.24893271
0.90 -0.24009715
0.90 -0.23120000
0.90 -0.22224109
0.90 -0.21322025
0.90 -0.20413730
0.90 -0.19499207
0.91 -0.18578439
0.91 -0.17651409
0.91 -0.16718098
0.91 -0.15778490
0.91 -0.14832567
0.91 -0.13880312
0.91 -0.12921707
0.91 -0.11956735
0.91 -0.10985378
0.91 -0.10007619
0.92 -0.09023439
0.92 -0.08032823
0.92 -0.07035752
0.92 -0.06032208
0.92 -0.05022174
0.92 -0.04005632
0.92 -0.02982565
0.92 -0.01952954
0.92 -0.00916783
0.92 0.00125967
0.93 0.01175313
0.93 0.02231272
0.93 0.03293864
0.93 0.04363105
0.93 0.05439014
0.93 0.06521608
0.93 0.07610905
0.93 0.08706923
0.93 0.09809679
0.93 0.10919193
0.94 0.12035481
0.94 0.13158561
0.94 0.14288452
0.94 0.15425171
0.94 0.16568737
0.94 0.17719168
0.94 0.18876481
0.94 0.20040695
0.94 0.21211827
0.94 0.22389896
0.95 0.23574921
0.95 0.24766918
0.95 0.25965906
0.95 0.27171904
0.95 0.28384929
0.95 0.29605000
0.95 0.30832135
0.95 0.32066352
0.95 0.33307670
0.95 0.34556107
0.96 0.35811681
0.96 0.37074410
0.96 0.38344313
0.96 0.39621408
0.96 0.40905713
0.96 0.42197248
0.96 0.43496030
0.96 0.44802078
0.96 0.46115410
0.96 0.47436044
0.97 0.48764001
0.97 0.50099296
0.97 0.51441950
0.97 0.52791981
0.97 0.54149408
0.97 0.55514248
0.97 0.56886521
0.97 0.58266245
0.97 0.59653440
0.97 0.61048122
0.98 0.62450313
0.98 0.63860029
0.98 0.65277289
0.98 0.66702114
0.98 0.68134520
0.98 0.69574528
0.98 0.71022155
0.98 0.72477422
0.98 0.73940345
0.98 0.75410945
0.99 0.76889241
0.99 0.78375250
0.99 0.79868992
0.99 0.81370487
0.99 0.82879753
0.99 0.84396808
0.99 0.85921672
0.99 0.87454365
0.99 0.88994904
0.99 0.90543310
1.00 0.92099601
1.00 0.93663795
1.00 0.95235914
1.00 0.96815974
1.00 0.98403997
1.00 1.00000000
1.00 1.01604003
1.00 1.03216026
1.00 1.04836086
1.00 1.06464205
1.01 1.08100401
1.01 1.09744692
1.01 1.11397100
1.01 1.13057642
1.01 1.14726338
1.01 1.16403208
1.01 1.18088271
1.01 1.19781546
1.01 1.21483053
1.01 1.23192812
1.01 1.24910840
1.02 1.26637160
1.02 1.28371788
1.02 1.30114746
1.02 1.31866053
1.02 1.33625728
1.02 1.35393791
1.02 1.37170261
1.02 1.38955158
1.02 1.40748502
1.02 1.42550312
1.03 1.44360609
1.03 1.46179411
1.03 1.48006738
1.03 1.49842611
1.03 1.51687048
1.03 1.53540070
1.03 1.55401696
1.03 1.57271947
1.03 1.59150842
1.03 1.61038400
1.04 1.62934643
1.04 1.64839589
1.04 1.66753259
1.04 1.68675672
1.04 1.70606848
1.04 1.72546808
1.04 1.74495571
1.04 1.76453157
1.04 1.78419587
1.04 1.80394880
1.05 1.82379057
1.05 1.84372137
1.05 1.86374141
1.05 1.88385089
1.05 1.90405000
1.05 1.92433895
1.05 1.94471795
1.05 1.96518719
1.05 1.98574687
1.05 2.00639720
1.06 2.02713839
1.06 2.04797062
1.06 2.06889412
1.06 2.08990907
1.06 2.11101568
1.06 2.13221416
1.06 2.15350471
1.06 2.17488753
1.06 2.19636283
1.06 2.21793080
1.07 2.23959167
1.07 2.26134562
1.07 2.28319288
1.07 2.30513362
1.07 2.32716808
1.07 2.34929645
1.07 2.37151893
1.07 2.39383573
1.07 2.41624706
1.07 2.43875312
1.08 2.46135413
1.08 2.48405028
1.08 2.50684178
1.08 2.52972885
1.08 2.55271168
1.08 2.57579049
1.08 2.59896547
1.08 2.62223685
1.08 2.64560483
1.08 2.66906960
1.09 2.69263140
1.09 2.71629041
1.09 2.74004686
1.09 2.76390095
1.09 2.78785288
1.09 2.81190287
1.09 2.83605113
1.09 2.86029787
1.09 2.88464329
1.09 2.90908760
1.10 2.93363103
1.10 2.95827377
1.10 2.98301604
1.10 3.00785804
1.10 3.03280000
1.10 3.05784212
1.10 3.08298460
1.10 3.10822767
1.10 3.13357153
1.10 3.15901640
1.11 3.18456249
1.11 3.21021001
1.11 3.23595918
1.11 3.26181019
1.11 3.28776328
1.11 3.31381865
1.11 3.33997651
1.11 3.36623708
1.11 3.39260058
1.11 3.41906720
1.12 3.44563718
1.12 3.47231073
1.12 3.49908805
1.12 3.52596936
1.12 3.55295488
1.12 3.58004482
1.12 3.60723940
1.12 3.63453884
1.12 3.66194334
1.12 3.68945312
1.13 3.71706841
1.13 3.74478941
1.13 3.77261635
1.13 3.80054943
1.13 3.82858888
1.13 3.85673491
1.13 3.88498774
1.13 3.91334759
1.13 3.94181467
1.13 3.97038920
1.14 3.99907141
1.14 4.02786150
1.14 4.05675970
1.14 4.08576622
1.14 4.11488128
1.14 4.14410511
1.14 4.17343791
1.14 4.20287992
1.14 4.23243134
1.14 4.26209240
1.15 4.29186333
1.15 4.32174433
1.15 4.35173563
1.15 4.38183744
1.15 4.41205000
1.15 4.44237352
1.15 4.47280821
1.15 4.50335431
1.15 4.53401204
1.15 4.56478160
1.16 4.59566324
1.16 4.62665716
1.16 4.65776359
1.16 4.68898276
1.16 4.72031488
1.16 4.75176018
1.16 4.78331888
1.16 4.81499120
1.16 4.84677737
1.16 4.87867760
1.17 4.91069214
1.17 4.94282119
1.17 4.97506498
1.17 5.00742373
1.17 5.03989768
1.17 5.07248704
1.17 5.10519204
1.17 5.13801290
1.17 5.17094986
1.17 5.20400312
1.18 5.23717293
1.18 5.27045951
1.18 5.30386307
1.18 5.33738385
1.18 5.37102208
1.18 5.40477798
1.18 5.43865177
1.18 5.47264369
1.18 5.50675396
1.18 5.54098280
1.19 5.57533046
1.19 5.60979714
1.19 5.64438309
1.19 5.67908853
1.19 5.71391368
1.19 5.74885878
1.19 5.78392405
1.19 5.81910973
1.19 5.85441604
1.19 5.88984320
1.20 5.92539146
1.20 5.96106104
1.20 5.99685217
1.20 6.03276508
1.20 6.06880000
1.20 6.10495716
1.20 6.14123679
1.20 6.17763912
1.20 6.21416438
1.20 6.25081280
1.21 6.28758462
1.21 6.32448007
1.21 6.36149937
1.21 6.39864277
1.21 6.43591048
1.21 6.47330275
1.21 6.51081980
1.21 6.54846187
1.21 6.58622920
1.21 6.62412200
1.22 6.66214053
1.22 6.70028501
1.22 6.73855567
1.22 6.77695275
1.22 6.81547648
1.22 6.85412710
1.22 6.89290484
1.22 6.93180993
1.22 6.97084262
1.22 7.01000312
1.23 7.04929169
1.23 7.08870856
1.23 7.12825395
1.23 7.16792812
1.23 7.20773128
1.23 7.24766368
1.23 7.28772556
1.23 7.32791715
1.23 7.36823868
1.23 7.40869040
1.24 7.44927255
1.24 7.48998535
1.24 7.53082905
1.24 7.57180388
1.24 7.61291008
1.24 7.65414789
1.24 7.69551755
1.24 7.73701930
1.24 7.77865337
1.24 7.82042000
1.25 7.86231944
1.25 7.90435192
1.25 7.94651768
1.25 7.98881696
1.25 8.03125000
1.25 8.07381704
1.25 8.11651832
1.25 8.15935408
1.25 8.20232456
1.25 8.24543000
1.26 8.28867065
1.26 8.33204674
1.26 8.37555851
1.26 8.41920621
1.26 8.46299008
1.26 8.50691036
1.26 8.55096729
1.26 8.59516111
1.26 8.63949207
1.26 8.68396040
1.27 8.72856636
1.27 8.77331019
1.27 8.81819212
1.27 8.86321240
1.27 8.90837128
1.27 8.95366900
1.27 8.99910579
1.27 9.04468192
1.27 9.09039761
1.27 9.13625312
1.28 9.18224870
1.28 9.22838457
1.28 9.27466100
1.28 9.32107822
1.28 9.36763648
1.28 9.41433603
1.28 9.46117711
1.28 9.50815997
1.28 9.55528485
1.28 9.60255200
1.29 9.64996168
1.29 9.69751411
1.29 9.74520956
1.29 9.79304827
1.29 9.84103048
1.29 9.88915645
1.29 9.93742641
1.29 9.98584063
1.29 10.03439934
1.29 10.08310280
1.30 10.13195126
1.30 10.18094496
1.30 10.23008415
1.30 10.27936908
1.30 10.32880000
1.30 10.37837716
1.30 10.42810081
1.30 10.47797120
1.30 10.52798858
1.30 10.57815320
1.31 10.62846532
1.31 10.67892517
1.31 10.72953301
1.31 10.78028910
1.31 10.83119368
1.31 10.88224701
1.31 10.93344933
1.31 10.98480090
1.31 11.03630198
1.31 11.08795280
1.32 11.13975364
1.32 11.19170473
1.32 11.24380633
1.32 11.29605870
1.32 11.34846208
1.32 11.40101673
1.32 11.45372291
1.32 11.50658087
1.32 11.55959085
1.32 11.61275312
1.33 11.66606794
1.33 11.71953554
1.33 11.77315620
1.33 11.82693016
1.33 11.88085768
1.33 11.93493901
1.33 11.98917442
1.33 12.04356415
1.33 12.09810846
1.33 12.15280760
1.34 12.20766185
1.34 12.26267144
1.34 12.31783664
1.34 12.37315770
1.34 12.42863488
1.34 12.48426844
1.34 12.54005863
1.34 12.59600572
1.34 12.65210996
1.34 12.70837160
1.35 12.76479092
1.35 12.82136815
1.35 12.87810357
1.35 12.93499744
1.35 12.99205000
1.35 13.04926152
1.35 13.10663227
1.35 13.16416249
1.35 13.22185245
1.35 13.27970240
1.36 13.33771262
1.36 13.39588336
1.36 13.45421487
1.36 13.51270743
1.36 13.57136128
1.36 13.63017670
1.36 13.68915394
1.36 13.74829326
1.36 13.80759493
1.36 13.86705920
1.37 13.92668635
1.37 13.98647663
1.37 14.04643030
1.37 14.10654763
1.37 14.16682888
1.37 14.22727431
1.37 14.28788419
1.37 14.34865877
1.37 14.40959833
1.37 14.47070312
1.38 14.53197342
1.38 14.59340948
1.38 14.65501156
1.38 14.71677994
1.38 14.77871488
1.38 14.84081664
1.38 14.90308549
1.38 14.96552169
1.38 15.02812550
1.38 15.09089720
1.39 15.15383706
1.39 15.21694532
1.39 15.28022227
1.39 15.34366817
1.39 15.40728328
1.39 15.47106787
1.39 15.53502222
1.39 15.59914657
1.39 15.66344121
1.39 15.72790640
1.40 15.79254241
1.40 15.85734951
1.40 15.92232796
1.40 15.98747804
1.40 16.05280000
1.40 16.11829412
1.40 16.18396068
1.40 16.24979993
1.40 16.31581215
1.40 16.38199760
1.41 16.44835657
1.41 16.51488931
1.41 16.58159609
1.41 16.64847719
1.41 16.71553288
1.41 16.78276343
1.41 16.85016910
1.41 16.91775017
1.41 16.98550692
1.41 17.05343960
1.42 17.12154851
1.42 17.18983389
1.42 17.25829603
1.42 17.32693521
1.42 17.39575168
1.42 17.46474573
1.42 17.53391762
1.42 17.60326764
1.42 17.67279605
1.42 17.74250312
1.43 17.81238914
1.43 17.88245437
1.43 17.95269909
1.43 18.02312357
1.43 18.09372808
1.43 18.16451290
1.43 18.23547832
1.43 18.30662458
1.43 18.37795199
1.43 18.44946080
1.44 18.52115131
1.44 18.59302377
1.44 18.66507847
1.44 18.73731568
1.44 18.80973568
1.44 18.88233875
1.44 18.95512516
1.44 19.02809518
1.44 19.10124911
1.44 19.17458720
1.45 19.24810975
1.45 19.32181703
1.45 19.39570931
1.45 19.46978687
1.45 19.54405000
1.45 19.61849897
1.45 19.69313405
1.45 19.76795553
1.45 19.84296369
1.45 19.91815880
1.46 19.99354115
1.46 20.06911101
1.46 20.14486867
1.46 20.22081440
1.46 20.29694848
1.46 20.37327120
1.46 20.44978283
1.46 20.52648365
1.46 20.60337395
1.46 20.68045400
1.47 20.75772410
1.47 20.83518451
1.47 20.91283552
1.47 20.99067742
1.47 21.06871048
1.47 21.14693499
1.47 21.22535122
1.47 21.30395947
1.47 21.38276001
1.47 21.46175312
1.48 21.54093910
1.48 21.62031822
1.48 21.69989077
1.48 21.77965703
1.48 21.85961728
1.48 21.93977181
1.48 22.02012090
1.48 22.10066484
1.48 22.18140392
1.48 22.26233840
1.49 22.34346860
1.49 22.42479477
1.49 22.50631722
1.49 22.58803623
1.49 22.66995208
1.49 22.75206506
1.49 22.83437546
1.49 22.91688356
1.49 22.99958964
1.49 23.08249400
1.50 23.16559693
1.50 23.24889870
1.50 23.33239962
1.50 23.41609995
1.50 23.50000000
1.50 23.58410005
1.50 23.66840038
1.50 23.75290130
1.50 23.83760307
1.50 23.92250600
1.51 24.00761038
1.51 24.09291648
1.51 24.17842461
1.51 24.26413504
1.51 24.35004808
1.51 24.43616401
1.51 24.52248311
1.51 24.60900568
1.51 24.69573202
1.51 24.78266240
1.52 24.86979713
1.52 24.95713649
1.52 25.04468078
1.52 25.13243027
1.52 25.22038528
1.52 25.30854608
1.52 25.39691298
1.52 25.48548625
1.52 25.57426621
1.52 25.66325312
1.53 25.75244730
1.53 25.84184904
1.53 25.93145861
1.53 26.02127633
1.53 26.11130248
1.53 26.20153736
1.53 26.29198125
1.53 26.38263446
1.53 26.47349728
1.53 26.56457000
1.54 26.65585292
1.54 26.74734634
1.54 26.83905054
1.54 26.93096582
1.54 27.02309248
1.54 27.11543081
1.54 27.20798112
1.54 27.30074369
1.54 27.39371882
1.54 27.48690680
1.55 27.58030795
1.55 27.67392254
1.55 27.76775088
1.55 27.86179327
1.55 27.95605000
1.55 28.05052137
1.55 28.14520768
1.55 28.24010922
1.55 28.33522630
1.55 28.43055920
1.56 28.52610824
1.56 28.62187371
1.56 28.71785591
1.56 28.81405513
1.56 28.91047168
1.56 29.00710585
1.56 29.10395795
1.56 29.20102828
1.56 29.29831713
1.56 29.39582480
1.57 29.49355161
1.57 29.59149783
1.57 29.68966379
1.57 29.78804977
1.57 29.88665608
1.57 29.98548302
1.57 30.08453089
1.57 30.18380000
1.57 30.28329064
1.57 30.38300312
1.58 30.48293775
1.58 30.58309481
1.58 30.68347462
1.58 30.78407747
1.58 30.88490368
1.58 30.98595354
1.58 31.08722736
1.58 31.18872544
1.58 31.29044809
1.58 31.39239560
1.59 31.49456829
1.59 31.59696646
1.59 31.69959041
1.59 31.80244045
1.59 31.90551688
1.59 32.00882001
1.59 32.11235014
1.59 32.21610758
1.59 32.32009263
1.59 32.42430560
1.60 32.52874681
1.60 32.63341654
1.60 32.73831511
1.60 32.84344283
1.60 32.94880000
1.60 33.05438693
1.60 33.16020393
1.60 33.26625130
1.60 33.37252936
1.60 33.47903840
1.61 33.58577875
1.61 33.69275070
1.61 33.79995457
1.61 33.90739066
1.61 34.01505928
1.61 34.12296074
1.61 34.23109536
1.61 34.33946343
1.61 34.44806528
1.61 34.55690120
1.62 34.66597152
1.62 34.77527653
1.62 34.88481656
1.62 34.99459190
1.62 35.10460288
1.62 35.21484980
1.62 35.32533297
1.62 35.43605271
1.62 35.54700932
1.62 35.65820312
1.63 35.76963443
1.63 35.88130354
1.63 35.99321078
1.63 36.10535646
1.63 36.21774088
1.63 36.33036437
1.63 36.44322723
1.63 36.55632978
1.63 36.66967234
1.63 36.78325520
1.64 36.89707870
1.64 37.01114315
1.64 37.12544885
1.64 37.23999612
1.64 37.35478528
1.64 37.46981664
1.64 37.58509052
1.64 37.70060723
1.64 37.81636709
1.64 37.93237040
1.65 38.04861750
1.65 38.16510870
1.65 38.28184430
1.65 38.39882463
1.65 38.51605000
1.65 38.63352073
1.65 38.75123714
1.65 38.86919955
1.65 38.98740826
1.65 39.10586360
1.66 39.22456590
1.66 39.34351545
1.66 39.46271259
1.66 39.58215762
1.66 39.70185088
1.66 39.82179267
1.66 39.94198332
1.66 40.06242315
1.66 40.18311247
1.66 40.30405160
1.67 40.42524087
1.67 40.54668059
1.67 40.66837109
1.67 40.79031268
1.67 40.91250568
1.67 41.03495042
1.67 41.15764721
1.67 41.28059638
1.67 41.40379824
1.67 41.52725312
1.68 41.65096135
1.68 41.77492323
1.68 41.89913910
1.68 42.02360928
1.68 42.14833408
1.68 42.27331383
1.68 42.39854886
1.68 42.52403948
1.68 42.64978602
1.68 42.77578880
1.69 42.90204815
1.69 43.02856439
1.69 43.15533784
1.69 43.28236883
1.69 43.40965768
1.69 43.53720471
1.69 43.66501026
1.69 43.79307464
1.69 43.92139818
1.69 44.04998120
1.70 44.17882404
1.70 44.30792701
1.70 44.43729044
1.70 44.56691467
1.70 44.69680000
1.70 44.82694677
1.70 44.95735532
1.70 45.08802595
1.70 45.21895900
1.70 45.35015480
1.71 45.48161368
1.71 45.61333596
1.71 45.74532197
1.71 45.87757203
1.71 46.01008648
1.71 46.14286564
1.71 46.27590985
1.71 46.40921943
1.71 46.54279470
1.71 46.67663600
1.72 46.81074367
1.72 46.94511802
1.72 47.07975938
1.72 47.21466809
1.72 47.34984448
1.72 47.48528887
1.72 47.62100161
1.72 47.75698300
1.72 47.89323340
1.72 48.02975312
1.73 48.16654251
1.73 48.30360189
1.73 48.44093159
1.73 48.57853194
1.73 48.71640328
1.73 48.85454594
1.73 48.99296025
1.73 49.13164654
1.73 49.27060515
1.73 49.40983640
1.74 49.54934064
1.74 49.68911820
1.74 49.82916940
1.74 49.96949458
1.74 50.11009408
1.74 50.25096823
1.74 50.39211736
1.74 50.53354181
1.74 50.67524191
1.74 50.81721800
1.75 50.95947042
1.75 51.10199949
1.75 51.24480555
1.75 51.38788894
1.75 51.53125000
1.75 51.67488906
1.75 51.81880645
1.75 51.96300251
1.75 52.10747759
1.75 52.25223200
1.76 52.39726611
1.76 52.54258023
1.76 52.68817470
1.76 52.83404988
1.76 52.98020608
1.76 53.12664365
1.76 53.27336293
1.76 53.42036426
1.76 53.56764797
1.76 53.71521440
1.77 53.86306390
1.77 54.01119680
1.77 54.15961343
1.77 54.30831415
1.77 54.45729928
1.77 54.60656917
1.77 54.75612416
1.77 54.90596459
1.77 55.05609080
1.77 55.20650312
1.78 55.35720191
1.78 55.50818750
1.78 55.65946023
1.78 55.81102044
1.78 55.96286848
1.78 56.11500468
1.78 56.26742940
1.78 56.42014296
1.78 56.57314571
1.78 56.72643800
1.79 56.88002017
1.79 57.03389256
1.79 57.18805551
1.79 57.34250937
1.79 57.49725448
1.79 57.65229118
1.79 57.80761982
1.79 57.96324074
1.79 58.11915429
1.79 58.27536080
1.80 58.43186064
1.80 58.58865413
1.80 58.74574162
1.80 58.90312346
1.80 59.06080000
1.80 59.21877158
1.80 59.37703854
1.80 59.53560124
1.80 59.69446001
1.80 59.85361520
1.81 60.01306717
1.81 60.17281626
1.81 60.33286280
1.81 60.49320716
1.81 60.65384968
1.81 60.81479070
1.81 60.97603058
1.81 61.13756966
1.81 61.29940828
1.81 61.46154680
1.82 61.62398557
1.82 61.78672494
1.82 61.94976524
1.82 62.11310684
1.82 62.27675008
1.82 62.44069531
1.82 62.60494288
1.82 62.76949314
1.82 62.93434644
1.82 63.09950312
1.83 63.26496355
1.83 63.43072807
1.83 63.59679703
1.83 63.76317078
1.83 63.92984968
1.83 64.09683407
1.83 64.26412431
1.83 64.43172074
1.83 64.59962372
1.83 64.76783360
1.84 64.93635074
1.84 65.10517549
1.84 65.27430819
1.84 65.44374920
1.84 65.61349888
1.84 65.78355758
1.84 65.95392564
1.84 66.12460343
1.84 66.29559130
1.84 66.46688960
1.85 66.63849869
1.85 66.81041892
1.85 66.98265065
1.85 67.15519422
1.85 67.32805000
1.85 67.50121834
1.85 67.67469959
1.85 67.84849412
1.85 68.02260227
1.85 68.19702440
1.86 68.37176088
1.86 68.54681204
1.86 68.72217826
1.86 68.89785989
1.86 69.07385728
1.86 69.25017079
1.86 69.42680078
1.86 69.60374761
1.86 69.78101163
1.86 69.95859320
1.87 70.13649269
1.87 70.31471044
1.87 70.49324681
1.87 70.67210218
1.87 70.85127688
1.87 71.03077129
1.87 71.21058576
1.87 71.39072065
1.87 71.57117631
1.87 71.75195312
1.88 71.93305143
1.88 72.11447161
1.88 72.29621400
1.88 72.47827897
1.88 72.66066688
1.88 72.84337810
1.88 73.02641297
1.88 73.20977188
1.88 73.39345517
1.88 73.57746320
1.89 73.76179635
1.89 73.94645497
1.89 74.13143942
1.89 74.31675007
1.89 74.50238728
1.89 74.68835141
1.89 74.87464282
1.89 75.06126188
1.89 75.24820896
1.89 75.43548440
1.90 75.62308859
1.90 75.81102188
1.90 75.99928463
1.90 76.18787722
1.90 76.37680000
1.90 76.56605334
1.90 76.75563761
1.90 76.94555316
1.90 77.13580037
1.90 77.32637960
1.91 77.51729122
1.91 77.70853559
1.91 77.90011308
1.91 78.09202406
1.91 78.28426888
1.91 78.47684792
1.91 78.66976155
1.91 78.86301013
1.91 79.05659402
1.91 79.25051360
1.92 79.44476924
1.92 79.63936130
1.92 79.83429015
1.92 80.02955615
1.92 80.22515968
1.92 80.42110110
1.92 80.61738079
1.92 80.81399911
1.92 81.01095643
1.92 81.20825312
1.93 81.40588956
1.93 81.60386610
1.93 81.80218312
1.93 82.00084099
1.93 82.19984008
1.93 82.39918076
1.93 82.59886340
1.93 82.79888838
1.93 82.99925605
1.93 83.19996680
1.94 83.40102100
1.94 83.60241902
1.94 83.80416122
1.94 84.00624798
1.94 84.20867968
1.94 84.41145668
1.94 84.61457936
1.94 84.81804810
1.94 85.02186325
1.94 85.22602520
1.95 85.43053433
1.95 85.63539100
1.95 85.84059558
1.95 86.04614846
1.95 86.25205000
1.95 86.45830058
1.95 86.66490058
1.95 86.87185037
1.95 87.07915032
1.95 87.28680080
1.96 87.49480221
1.96 87.70315490
1.96 87.91185926
1.96 88.12091566
1.96 88.33032448
1.96 88.54008609
1.96 88.75020087
1.96 88.96066920
1.96 89.17149145
1.96 89.38266800
1.97 89.59419923
1.97 89.80608552
1.97 90.01832724
1.97 90.23092476
1.97 90.44387848
1.97 90.65718876
1.97 90.87085599
1.97 91.08488054
1.97 91.29926279
1.97 91.51400312
1.98 91.72910192
1.98 91.94455955
1.98 92.16037640
1.98 92.37655285
1.98 92.59308928
1.98 92.80998607
1.98 93.02724359
1.98 93.24486224
1.98 93.46284238
1.98 93.68118440
1.99 93.89988869
1.99 94.11895562
1.99 94.33838557
1.99 94.55817893
1.99 94.77833608
1.99 94.99885740
1.99 95.21974326
1.99 95.44099407
1.99 95.66261019
1.99 95.88459200
2.00 96.10693991
2.00 96.32965427
2.00 96.55273549
2.00 96.77618394
2.00 97.00000000
